% Defines results obtained from GROMACS simulations as MATLAB structures
% Experiments performed by Lorien Villelas-Lopez
% Communicated to Carl Christian K. Mikkelsen via email.
% Time-stamp: 03-MAY-2024 12:56

% IMPORTANT NOTE: 
% Columns marked F_h and E_h contain useless data
% They are calculated under the assumption that the step size
% is cut in half from one row to the next. 
% This is not the case here, because the admissible range of stepsize
% is too small.

%Force field: charmm36 | Tolerance: 1e-12 | Parameter: positions
% Idx   time-step       A_h       F_h       E_h
C1.field='charmm36'; C1.tol=1e-12; C1.param='positions';
C1.data=[
0    0.004000  4.198331  0.000000  0.000000
1    0.002000  4.201656  0.000000  0.001108
2    0.001000  4.165227 -0.091273 -0.012143
3    0.000909  4.185225 -1.821665  0.006666
4    0.000833  4.166800 -1.085352 -0.006142
5    0.000769  4.144273  0.817934 -0.007509
6    0.000714  4.178890 -0.650738  0.011539
7    0.000667  4.203821  1.388467  0.008310
8    0.000625  4.248702  0.555508  0.014960
9    0.000588  4.239574 -4.917246 -0.003042
10   0.000556  4.197813  0.218554 -0.013920
11   0.000526  4.202374 -9.157256  0.001520
12   0.000500  4.246244  0.103952  0.014624
13   0.000333  4.284727  1.140032  0.012827
14   0.000250  4.362972  0.491813  0.026082
15   0.000200  4.344009 -4.126154 -0.006321
16   0.000167  4.515485 -0.110589  0.057159
17   0.000143  4.602861  1.962492  0.029126
18   0.000125  4.570891 -2.733038 -0.010657
19   0.000111  4.751871 -0.176652  0.060327
20   0.000100  4.916141  1.101718  0.054757
21   0.000091  5.213454  0.552517  0.099104
22   0.000083  5.371422  1.882101  0.052656
23   0.000077  5.832080  0.342919  0.153553
24   0.000071  5.977517  3.167411  0.048479
25   0.000067  6.262725  0.509932  0.095069
26   0.000063  6.720108  0.623567  0.152461
];

%Force field: charmm36 | Tolerance: 1e-12 | Parameter: velocities
%    time-step       A_h        F_h       E_h
C2.field='charmm36'; C2.tol=1e-12; C2.param='velocities';
C2.data=[
0    0.004000 -0.016017   0.000000  0.000000
1    0.002000  0.057680   0.000000  0.024566
2    0.001000  0.655363   0.123305  0.199228
3    0.000909  0.663753  71.234935  0.002797
4    0.000833 -0.028889  -0.012113 -0.230881
5    0.000769  0.241412  -2.562484  0.090100
6    0.000714 -0.245639  -0.554974 -0.162351
7    0.000667 -0.237905 -62.974887  0.002578
8    0.000625 -0.598738  -0.021434 -0.120278
9    0.000588 -0.498870  -3.613083  0.033289
10   0.000556 -0.338702   0.623524  0.053389
11   0.000526 -0.352308 -11.771940 -0.004535
12   0.000500  0.266375  -0.021992  0.206228
13   0.000333 -0.721897  -0.626025 -0.329424
14   0.000250  0.188245  -1.085844  0.303381
15   0.000200 -0.433465  -1.463932 -0.207237
16   0.000167 -0.817500   1.618892 -0.128012
17   0.000143  0.123757  -0.408002  0.313752
18   0.000125 -0.159091  -3.327782 -0.094283
19   0.000111 -0.112452  -6.064594  0.015546
20   0.000100 -0.043239   0.673852  0.023071
21   0.000091  0.082017   0.552573  0.041752
22   0.000083 -0.257603  -0.368811 -0.113207
23   0.000077  0.319489  -0.588502  0.192364
24   0.000071 -0.196358  -1.118727 -0.171949
25   0.000067  0.268366  -1.110007  0.154908
26   0.000063  0.502079   1.988440  0.077904
];

%Force field: charmm36 | Tolerance: 1e-12 | Parameter: energies
%    time-step Kinetic En. (kJ/mol) PE (kJ/mol)
C3.field='charmm36'; C3.tol=1e-12; C3.param='energies';
C3.data=[
0    0.004000              85140.3     -519775
1    0.002000              85427.4     -518842
2    0.001000              84834.8     -518302
3    0.000909              84280.5     -516848
4    0.000833                84566     -516678
5    0.000769              84558.8     -515333
6    0.000714              85088.4     -515704
7    0.000667              84703.6     -514712
8    0.000625              85313.5     -515116
9    0.000588              84287.7     -514492
10   0.000556              84723.9     -513976
11   0.000526              85225.9     -514472
12   0.000500              84394.1     -513738
13   0.000333              84745.2     -509379
14   0.000250                84190     -505214
15   0.000200                85482     -498698
16   0.000167              85030.4     -489966
17   0.000143              85997.5     -481642
18   0.000125              87527.2     -472717
19   0.000111              86847.8     -457292
20   0.000100              87222.5     -444642
21   0.000091              87966.7     -429230
22   0.000083              88879.2     -414044
23   0.000077              89191.3     -399089
24   0.000071              91379.1     -385646
25   0.000067              92282.1     -371688
26   0.000063                92489     -360393
];

%Force field: charmm36 | Tolerance: 0.0001 | Parameter: positions
%    time-step       A_h       F_h       E_h
C4.field='charmm36'; C4.tol=1e-4; C4.param='positions';
C4.data=[
0    0.004000  4.198634  0.000000  0.000000
1    0.002000  4.197011  0.000000 -0.000541
2    0.001000  4.163588  0.048535 -0.011141
3    0.000909  4.185456 -1.528434  0.007289
4    0.000833  4.191037  3.917984  0.001860
5    0.000769  4.157574 -0.166790 -0.011154
6    0.000714  4.175289 -1.888994  0.005905
7    0.000667  4.204868  0.598901  0.009860
8    0.000625  4.263507  0.504424  0.019547
9    0.000588  4.229739 -1.736508 -0.011256
10   0.000556  4.202200  1.226222 -0.009180
11   0.000526  4.228023 -1.066439  0.008608
12   0.000500  4.240566  2.058812  0.004181
13   0.000333  4.277010  0.344158  0.012148
14   0.000250  4.335961  0.618226  0.019650
15   0.000200  4.283364 -1.120804 -0.017532
16   0.000167  4.312822 -1.785503  0.009819
17   0.000143  4.286092 -1.102059 -0.008910
18   0.000125  4.352692 -0.401349  0.022200
19   0.000111  4.368066  4.331896  0.005125
20   0.000100  4.379779  1.312518  0.003905
21   0.000091  4.467997  0.132780  0.029406
22   0.000083  4.548680  1.093378  0.026894
23   0.000077  4.645710  0.831531  0.032343
24   0.000071  4.604135 -2.333849 -0.013858
25   0.000067  4.582759  1.945011 -0.007125
26   0.000063  4.756540 -0.123001  0.057927
];


%Force field: charmm36 | Tolerance: 0.0001 | Parameter: velocities
%    time-step       A_h       F_h       E_h
C5.field='charmm36'; C5.tol=1e-4; C5.param='velocities';
C5.data=[
0    0.004000 -0.300548  0.000000  0.000000
1    0.002000 -0.015037  0.000000  0.095170
2    0.001000  0.311038  0.875601  0.108692
3    0.000909  0.129648 -1.797641 -0.060463
4    0.000833 -0.017545  1.232333 -0.049064
5    0.000769  0.460733 -0.307756  0.159426
6    0.000714 -0.315806 -0.615909 -0.258846
7    0.000667 -0.423230  7.228747 -0.035808
8    0.000625 -0.294017 -0.831370  0.043071
9    0.000588 -0.709356 -0.311102 -0.138446
10   0.000556 -0.875142  2.505275 -0.055262
11   0.000526 -0.639887 -0.704708  0.078418
12   0.000500  0.050089  0.340960  0.229992
13   0.000333  0.161417  6.197733  0.037109
14   0.000250 -0.305638 -0.238360 -0.155685
15   0.000200 -0.213344 -5.060523  0.030765
16   0.000167 -0.484140 -0.340823 -0.090265
17   0.000143  0.070155 -0.488542  0.184765
18   0.000125  0.371542  1.839146  0.100462
19   0.000111 -0.052941 -0.710009 -0.141495
20   0.000100 -0.008329 -9.515009  0.014871
21   0.000091  0.099664  0.413098  0.035998
22   0.000083 -0.229058 -0.328526 -0.109574
23   0.000077 -0.148151 -4.062973  0.026969
24   0.000071  0.371746  0.155621  0.173299
25   0.000067 -0.144418 -1.007231 -0.172055
26   0.000063  0.256078 -1.288812  0.133499
];


%Force field: charmm36 | Tolerance: 0.0001 | Parameter: energies
%    time-step Kinetic En. (kJ/mol) PE (kJ/mol)
C6.field='charmm36'; C6.tol=1e-4; C6.param='energies';
